0.03
0.05
-0.01
-0.11
-0.26
0.59
-0.20
-0.36
0.44
-0.04
-0.44
0.38
0.14
-0.48
0.26
0.30
-0.47
0.10
0.41
-0.41
-0.08
0.47
-0.30
-0.24
0.48
-0.16
-0.37
0.44
0.01
-0.46
0.35
0.18
-0.48
0.22
0.33
-0.46
0.05
0.44
-0.38
-0.12
0.48
-0.26
-0.28
0.47
-0.11
-0.40
0.41
0.05
-0.47
0.31
0.22
-0.49
0.17
0.36
-0.44
0.01
0.46
-0.35
-0.16
0.49
-0.22
-0.31
0.46
-0.07
-0.43
0.39
0.10
-0.49
0.27
0.26
-0.48
0.12
0.39
-0.42
-0.04
0.47
-0.31
-0.20
0.49
-0.18
-0.35
0.45
-0.02
-0.45
0.36
0.14
-0.49
0.23
0.29
-0.48
0.08
0.42
-0.40
-0.08
0.49
-0.28
-0.24
0.49
-0.13
-0.37
0.44
0.03
-0.46
0.33
0.19
-0.50
0.19
0.33
-0.46
0.03
0.44
-0.37
-0.13
0.49
-0.24
-0.28
0.49
-0.08
-0.40
0.42
0.08
-0.48
0.29
0.23
-0.49
0.14
0.36
-0.45
-0.02
0.45
-0.35
-0.18
0.49
-0.20
-0.31
0.47
-0.04
-0.42
0.39
0.12
-0.48
0.26
0.27
-0.49
0.10
0.39
-0.43
-0.07
0.46
-0.31
-0.22
0.49
-0.16
-0.35
0.46
0.01
-0.44
0.36
0.17
-0.49
0.22
0.31
-0.47
0.05
0.41
-0.40
-0.11
0.47
-0.28
-0.26
0.48
-0.12
-0.38
0.44
0.05
-0.46
0.33
0.22
-0.48
0.18
0.35
-0.46
0.01
0.44
-0.37
-0.16
0.48
-0.24
-0.30
0.47
-0.08
-0.41
0.41
0.10
-0.47
0.30
0.26
-0.48
0.14
0.38
