1
0.276954313
0.062234944
0.764333011
0.123113237
-0.445503262
0.230748124
-0.154397073
-0.900565848
-0.22100755
-0.206107374
-0.963486639
-0.31081784
0.119647661
-0.57667246
-0.078217233
0.638800078
-0.012560901
0.16363166
0.97330924
0.345491503
0.100472723
0.856922023
0.309598006
-0.310379746
0.353553391
0.029553779
-0.793645906
-0.191618851
-0.144872325
-0.975528258
-0.428474101
0.033644843
-0.688970132
-0.278853441
0.49384417
-0.1134049
0.012850937
0.895652123
0.366456637
0.095491503
0.905899272
0.467175114
-0.186254217
0.473220492
0.22699525
-0.653521861
-0.124523666
-0.040024183
-0.934405571
-0.5
-0.016650945
-0.768992811
-0.463261586
0.344504867
-0.22699525
-0.164203498
0.774039469
0.34184188
0.045157245
0.904508497
0.584599879
-0.086635128
0.574934315
0.422421895
-0.49384417
-0.030163554
0.10118488
-0.842661837
-0.522582415
-0.024471742
-0.806184191
-0.617398143
0.205860654
-0.338570774
-0.353553391
0.61939674
0.278187247
-0.047905029
0.850583793
0.654508497
-0.022252724
0.645385334
0.600346153
-0.329783083
0.078217233
0.267655466
-0.707432913
-0.498199154
0.012430123
-0.793892626
-0.730048966
0.091548853
-0.433388179
-0.539765119
0.445503262
0.185903757
-0.176547758
0.74678205
0.674102203
0
0.674102203
0.74678205
-0.176547758
0.185903757
0.445503262
-0.539765119
-0.433388179
0.091548853
-0.730048966
-0.793892626
0.012430123
-0.498199154
-0.707432913
0.267655466
0.078217233
-0.329783083
0.600346153
0.645385334
-0.022252724
0.654508497
0.850583793
-0.047905029
0.278187247
0.61939674
-0.353553391
-0.338570774
0.205860654
-0.617398143
-0.806184191
-0.024471742
-0.522582415
-0.842661837
0.10118488
-0.030163554
-0.49384417
0.422421895
0.574934315
-0.086635128
0.584599879
0.904508497
0.045157245
0.34184188
0.774039469
-0.164203498
-0.22699525
0.344504867
-0.463261586
-0.768992811
-0.016650945
-0.5
-0.934405571
-0.040024183
-0.124523666
-0.653521861
0.22699525
0.473220492
-0.186254217
0.467175114
0.905899272
0.095491503
0.366456637
0.895652123
0.012850937
-0.1134049
0.49384417
-0.278853441
-0.688970132
0.033644843
-0.428474101
-0.975528258
-0.144872325
-0.191618851
-0.793645906
0.029553779
0.353553391
-0.310379746
0.309598006
0.856922023
0.100472723
0.345491503
0.97330924
0.16363166
-0.012560901
0.638800078
-0.078217233
-0.57667246
0.119647661
-0.31081784
-0.963486639
-0.206107374
-0.22100755
-0.900565848
-0.154397073
0.230748124
-0.445503262
0.123113237
0.764333011
0.062234944
0.276954313
