0.20
0.26
0.27
0.42
0.45
0.16
0.15
0.10
-0.23
-0.30
-0.25
-0.49
-0.52
-0.32
-0.39
-0.36
-0.04
0.02
0.03
0.34
0.42
0.31
0.49
0.52
0.26
0.26
0.25
-0.08
-0.18
-0.15
-0.42
-0.51
-0.34
-0.44
-0.47
-0.17
-0.11
-0.11
0.20
0.33
0.25
0.46
0.55
0.33
0.35
0.38
0.07
-0.05
-0.02
-0.31
-0.45
-0.32
-0.45
-0.54
-0.28
-0.23
-0.26
0.05
0.21
0.15
0.38
0.53
0.36
0.40
0.48
0.20
0.08
0.11
-0.17
-0.36
-0.26
-0.42
-0.56
-0.35
-0.32
-0.38
-0.10
0.08
0.03
0.27
0.47
0.34
0.42
0.55
0.31
0.19
0.25
-0.02
-0.24
-0.17
-0.34
-0.54
-0.38
-0.37
-0.48
-0.23
-0.05
-0.10
0.13
0.38
0.29
0.38
0.57
0.38
0.29
0.38
0.13
-0.10
-0.05
-0.23
-0.48
-0.37
-0.38
-0.54
-0.34
-0.17
-0.24
-0.02
0.25
0.19
0.31
0.55
0.42
0.34
0.47
0.27
0.03
0.08
-0.10
-0.38
-0.32
-0.35
-0.56
-0.42
-0.26
-0.36
-0.17
0.11
0.08
0.20
0.48
0.40
0.36
0.53
0.38
0.15
0.21
0.05
-0.26
-0.23
-0.28
-0.54
-0.45
-0.32
-0.45
-0.31
-0.02
-0.05
0.07
0.38
0.35
0.33
0.55
0.46
0.25
0.33
0.20
-0.11
-0.11
-0.17
-0.47
-0.44
-0.34
-0.51
-0.42
-0.15
-0.18
-0.08
0.25
0.26
0.26
0.52
0.49
0.31
0.42
0.34
0.03
0.02
-0.04
-0.36
-0.39
-0.32
-0.52
-0.49
-0.25
-0.30
-0.23
0.10
0.15
0.16
