-0.03
-0.05
0.01
0.11
0.26
0.41
0.47
0.43
0.32
0.17
-0.01
-0.15
-0.30
-0.42
-0.48
-0.50
-0.49
-0.41
-0.29
-0.17
-0.00
0.17
0.29
0.41
0.50
0.51
0.48
0.42
0.30
0.15
0.01
-0.15
-0.31
-0.41
-0.48
-0.52
-0.48
-0.40
-0.31
-0.16
0.01
0.15
0.29
0.42
0.48
0.50
0.49
0.41
0.29
0.16
0.01
-0.17
-0.30
-0.40
-0.49
-0.51
-0.47
-0.42
-0.30
-0.15
-0.01
0.15
0.31
0.41
0.47
0.52
0.49
0.40
0.31
0.16
-0.01
-0.15
-0.29
-0.42
-0.48
-0.50
-0.49
-0.42
-0.29
-0.16
-0.01
0.17
0.30
0.40
0.49
0.51
0.47
0.42
0.31
0.15
0.00
-0.15
-0.31
-0.41
-0.47
-0.52
-0.49
-0.40
-0.30
-0.17
0.01
0.16
0.29
0.42
0.49
0.50
0.49
0.42
0.29
0.16
0.01
-0.17
-0.30
-0.40
-0.49
-0.52
-0.47
-0.41
-0.31
-0.15
0.00
0.15
0.31
0.42
0.47
0.51
0.49
0.40
0.30
0.17
-0.01
-0.16
-0.29
-0.42
-0.49
-0.50
-0.48
-0.42
-0.29
-0.15
-0.01
0.16
0.31
0.40
0.49
0.52
0.47
0.41
0.31
0.15
-0.01
-0.15
-0.30
-0.42
-0.47
-0.51
-0.49
-0.40
-0.30
-0.17
0.01
0.16
0.29
0.41
0.49
0.50
0.48
0.42
0.29
0.15
0.01
-0.16
-0.31
-0.40
-0.48
-0.52
-0.48
-0.41
-0.31
-0.15
0.01
0.15
0.30
0.42
0.48
0.51
0.50
0.41
0.29
0.17
-0.00
-0.17
-0.29
-0.41
-0.49
-0.50
-0.48
-0.42
-0.30
-0.15
