0.26
0.40
0.37
0.29
0.30
0.12
-0.05
-0.08
-0.23
-0.39
-0.36
-0.38
-0.45
-0.32
-0.19
-0.18
-0.01
0.18
0.21
0.31
0.45
0.39
0.35
0.39
0.24
0.07
0.04
-0.11
-0.30
-0.31
-0.35
-0.47
-0.39
-0.28
-0.29
-0.14
0.06
0.10
0.21
0.39
0.38
0.36
0.44
0.34
0.19
0.16
0.03
-0.19
-0.22
-0.29
-0.45
-0.41
-0.34
-0.38
-0.26
-0.07
-0.03
0.09
0.30
0.33
0.34
0.46
0.40
0.28
0.28
0.16
-0.06
-0.11
-0.20
-0.38
-0.40
-0.36
-0.43
-0.36
-0.18
-0.15
-0.04
0.18
0.24
0.28
0.44
0.43
0.33
0.36
0.28
0.07
0.01
-0.08
-0.29
-0.34
-0.33
-0.45
-0.42
-0.28
-0.26
-0.17
0.05
0.13
0.19
0.37
0.42
0.35
0.42
0.37
0.19
0.13
0.05
-0.17
-0.26
-0.28
-0.42
-0.45
-0.33
-0.34
-0.29
-0.08
0.01
0.07
0.28
0.36
0.33
0.43
0.44
0.28
0.24
0.18
-0.04
-0.15
-0.18
-0.36
-0.43
-0.36
-0.40
-0.38
-0.20
-0.11
-0.06
0.16
0.28
0.28
0.40
0.46
0.34
0.33
0.30
0.09
-0.03
-0.07
-0.26
-0.38
-0.34
-0.41
-0.45
-0.29
-0.22
-0.19
0.03
0.16
0.19
0.34
0.44
0.36
0.38
0.39
0.21
0.10
0.06
-0.14
-0.29
-0.28
-0.39
-0.47
-0.35
-0.31
-0.30
-0.11
0.04
0.07
0.24
0.39
0.35
0.39
0.45
0.31
0.21
0.18
-0.01
-0.18
-0.19
-0.32
-0.45
-0.38
-0.36
-0.39
-0.23
-0.08
-0.05
0.12
0.30
0.29
