0.648027501
0.738380831
0.933177208
0.784611241
-0.114084558
0.011733554
0.322301832
0.321871436
0.230000489
0.428814231
0.654198843
1.003666961
0.913475889
0.075113763
-0.162665009
-0.150379596
-0.254077199
-0.093163738
0.352916063
0.558650755
0.187171708
0.224490396
-0.060996822
-0.683093547
-0.296136671
-0.225569068
-1.085865499
-0.63677058
-0.256374931
0.402358241
0.270472899
0.012479375
0.020293227
-0.61764912
-0.520812864
-1.049447224
-0.589431213
-0.403166364
-0.011833941
0.34545764
0.249833448
0.350112885
-0.037262026
-0.589674224
-0.806482468
-0.896969563
-0.536347837
-0.503680376
0.236083129
-0.004458244
-0.016697038
0.388920254
-0.312207553
-0.503729653
-0.638545986
-0.552651207
-0.454787635
-0.304993602
-0.215163474
0.77765068
0.72758454
1.195644635
0.354820759
-0.070715178
-0.025481419
0.099052304
-0.097702899
0.196182275
0.654491217
0.370567724
1.370866744
0.832630028
0.783150454
0.051807608
0.174069354
-0.220421789
-0.334641783
0.275423705
0.566425731
1.293714773
0.794517186
0.858329603
0.950671495
0.126870512
-0.041295381
-0.981863624
0.206767583
-0.218989328
0.374404266
0.632834496
0.592911609
0.286829846
0.058075548
-0.315713066
-0.674652321
-0.356059209
-0.717230264
-0.110298737
-0.147755916
0.26855429
-0.152336052
0.082800274
-0.40901615
-0.452327851
-0.648324896
-1.218179003
-0.831571234
-0.160375616
-0.108759942
-0.100796728
0.270935447
-0.22378493
-0.404571363
-0.543266694
-1.009632084
-1.134608248
-1.118680057
-0.167074372
-0.301382198
0.230901978
-0.002234407
-0.403587935
-0.105929915
-0.371515513
-0.56486696
-0.964357084
-0.400461742
-0.294386717
0.410557594
0.06669697
0.219214529
0.343590731
0.133578268
-0.219281562
-0.626814058
-0.309548051
-0.404333939
0.201300243
0.442866167
0.925774836
0.671100256
0.651826739
0.401397824
0.553030614
0.290318911
0.144301667
-0.000174639
0.243885996
1.262215473
1.006001695
1.28436537
0.962324527
0.49027104
0.000285638
-0.292012525
-0.064172958
-0.040177385
0.185176165
1.024941762
1.069277626
0.698442456
0.688125599
0.685400536
0.403019166
-0.105049216
-0.452960157
-0.424803511
-0.297057462
-0.107996814
0.408642785
0.599464218
0.442107776
-0.041499307
-0.50823601
-0.656939063
-0.946837413
-0.918696709
-0.535597078
0.036502604
-0.008199552
0.387224218
0.205618354
-0.158035324
-0.616820367
-0.743092367
-0.702454776
-1.000882728
-0.341542928
-0.125970646
-0.111612354
0.20937677
0.072839506
-0.466138997
-0.360322184
-0.76630769
-0.41027166
-0.735559691
-0.326798488
-0.260064158
0.379921049
0.516630388
0.252084189
0.075733252
-0.701877241
-0.197679957
-0.604874155
-0.017474576
-0.248073049
0.406646915
0.546112685
0.45671626
0.888630885
0.493195188
-0.031300041
-0.260354528
-0.181587471
0.09177329
0.51999407
0.549975618
0.963108653
1.108605288
1.424518466
0.975581277
0.658217132
0.022330608
-0.287870613
0.003277249
0.371781962
0.573174828
0.872485831
1.161892088
0.48255674
0.092811052
0.220358047
-0.418579153
-0.277927034
-0.449224365
-0.025706443
0.463844557
0.503931265
0.912805453
0.213887751
0.126265084
-0.508458857
0.011651649
-0.224349273
-0.330629501
-0.482362426
0.054280086
0.065731266
0.876057792
0.222614817
-0.308761436
-0.160461224
-1.192507061
-0.991397558
-1.002426725
-0.425084372
-0.305056349
-0.296730516
0.247169402
0.083844393
-0.259525601
-0.69401126
-1.1173936
-1.088415832
-0.704694393
-0.438506775
-0.585142953
0.374120441
0.039982499
-0.145601276
-0.059472479
-0.268653297
-0.440855541
-0.974512584
-0.540276137
-0.480444894
0.275904896
0.855974201
0.335346367
0.402693513
0.44961904
0.581965666
0.095096031
-0.313253588
-0.401278735
-0.020583202
0.313108033
0.51842648
0.624945533
0.679262011
0.734613637
0.283105505
0.446435383
0.186110038
-0.388406091
0.058092782
0.212995939
1.080410568
1.170298975
0.941524609
0.212761839
0.250244938
0.159559966
0.092135052
0.362192415
0.118239055
0.685816764
0.80319661
0.59001497
0.508254141
0.66441335
-0.380743694
-0.271241297
-0.304810401
0.172983671
0.12902474
0.179337391
0.447142139
0.303076185
0.434396352
-0.493999642
0.074685753
-0.572073069
0.137570553
-0.618032044
-0.146030055
-0.45363873
0.252163702
0.446128453
0.291695308
-0.2140854
-1.039101653
-0.969085593
-1.121535282
-1.163711916
-0.646334818
-0.393949073
0.273934387
-0.222595387
0.128369624
-0.167625852
-0.426059488
-0.761238295
-1.341636142
-0.940416489
-0.304512461
-0.119686214
0.099371106
0.174575985
0.075180154
0.176312933
-0.477454548
-0.357346744
-0.786840429
-0.330803417
-0.035236248
0.512763391
0.552623595
0.365902779
0.988041887
0.251753212
0.243316233
-0.448130296
0.156883293
-0.781162035
0.205329981
0.660939178
0.564969557
0.92251877
1.251762076
0.812935519
-0.074668465
0.352151687
-0.468506767
0.069189115
0.770436871
0.650281151
1.101352038
0.508904312
1.021364133
0.874264249
0.336084102
-0.10426944
-0.162376328
-0.274215031
0.267692074
-0.137136484
0.5575749
0.517240538
0.347247928
0.43159269
0.137568001
-0.057795383
-0.740498411
-0.396804128
-0.585005151
-0.06007205
0.522529398
-0.042011039
0.108335075
0.030630671
-0.768053872
-1.000771194
-0.743198761
-1.163686763
-0.20371348
-0.315493586
-0.291671537
-0.288560484
-0.367342372
-0.634769845
-0.9123914
-1.009414738
-1.411940281
-0.775126728
0.018393368
-0.428080962
0.051812909
-0.267348887
0.270392993
0.025919218
-0.455930362
-0.801354237
-0.694305172
-0.562502434
-0.648813924
0.214445603
0.771621426
0.642648048
0.34214347
0.015746958
0.461126334
0.409912908
0.01443928
-0.517514545
0.170503366
0.492418977
0.327464736
0.905495738
0.32354171
0.239591
0.29001051
0.036265763
-0.304852842
0.000808769
0.028471606
0.411256228
1.103433584
0.957788984
1.085374409
0.937005167
0.027730126
-0.063844361
-0.307072286
-0.110229907
0.444909018
0.713117191
1.194978017
0.70266779
0.365476514
0.428377319
-0.023869765
-0.224403082
-0.247094269
0.020121922
0.015855476
0.313256384
0.140315267
0.127244094
0.033031428
0.285872314
-0.059508693
-0.771548815
-0.805187976
-1.109625088
-0.521515108
-0.273141028
0.219083057
-0.130123255
-0.189690448
-0.271053652
-1.001156123
-0.527240207
-1.570585879
-1.171605336
-0.69712883
-0.321863021
-0.21816455
0.342779768
-0.081279679
-0.336080469
-0.723076083
-0.695758422
-1.279784867
-0.609240424
-0.813230678
0.1203844
0.27451685
0.145650666
0.134027584
-0.084855161
-0.046661
-0.674687244
-0.348361128
-0.078848155
-0.113222982
0.336991767
0.697094901
0.794365852
0.875072415
0.270801981
-0.017517165
0.045144996
-0.103532256
-0.579986968
0.25466654
0.769412528
0.782662807
1.357275664
0.645593925
0.733741685
-0.181341716
0.020579126
-0.168114307
0.103406201
0.000728883
0.561879175
1.076092735
0.754163499
0.944357638
0.225266743
0.226705296
-0.252634296
0.004930039
0.031478141
0.031247506
0.217699042
0.811813031
0.573599767
0.48133259
0.069580969
0.145559782
-0.526116878
-0.176541839
-0.337809199
-0.359507308
-0.049854292
0.328864987
-0.345526477
0.271211325
-0.371896911
-0.714890777
-0.257661803
-0.820355025
-0.967910162
-0.697768541
-0.145862208
0.192569061
-0.34688977
0.042082561
-0.289181818
-0.43574401
-0.644039868
-1.086022036
-0.83270361
-0.45535654
-0.618726207
0.150093802
0.175084927
0.318881565
-0.085493827
-0.245976465
-0.734390964
-0.190588871
-0.696679653
0.104955009
0.356499971
0.41137862
0.31980008
1.024835683
0.283714968
-0.17382198
0.072159353
-0.490971474
-0.163657468
0.457695844
0.066476639
0.589906069
0.740676483
0.556915124
0.213521371
-0.024291208
-0.093183761
-0.140199439
0.018686969
0.108611019
0.96694229
0.502944895
0.964862585
1.103266191
0.865212632
-0.339443474
0.235120804
-0.047705698
0.177699012
0.160552846
0.746912524
0.651333355
0.488846894
0.409766572
0.632182378
0.08632425
-0.187744649
-0.40663914
-0.314070957
0.097915932
0.306107832
0.350246743
0.184471379
-0.137735829
0.080805002
-0.213167051
-0.198458243
-0.912464207
-0.605319608
-0.230787252
-0.052842924
0.062246004
-0.021306709
0.201319822
-0.10530727
-0.660403528
-1.008683295
-1.42586634
-0.71573099
-0.716284876
-0.402908492
-0.253718708
0.13046728
0.045277913
-0.294848642
-0.865911101
-0.495957684
-0.466359276
-0.80225328
-0.557927758
-0.408965214
-0.327921175
-0.03024465
0.724051817
0.323018364
-0.322201745
-0.479373639
-0.70530623
-0.990762584
-0.305441713
0.072911587
0.477593221
0.573621751
0.964981444
0.742461037
-0.00064703
-0.043078752
-0.284301789
-0.176715987
0.114102924
0.727133811
1.308435969
1.319716057
0.79970036
0.475711102
0.180763861
0.00400764
-0.34252866
0.2239117
0.414582621
0.171718489
0.764354953
0.996079175
0.9879366
0.359563158
0.307847996
0.155367133
-0.269167709
-0.056409096
-0.346016094
0.028474741
0.241531258
0.249916649
0.547243437
0.204616484
-0.671394944
-0.428847533
-0.492948962
-0.34653982
-0.641347081
0.169273412
0.14727839
0.293324107
0.370436736
-0.375391206
0.03549711
-1.236701549
-1.291627716
-0.854615128
-0.807834077
-0.339565259
-0.033014254
-0.433581099
-0.080697456
-0.784767387
-0.685575838
-1.003872039
-1.070180844
-0.972283791
-0.485901397
-0.097685827
0.043332038
0.165711452
0.286256225
0.197088545
-0.47583413
-0.975798161
-1.068956852
-0.316173375
-0.501242594
0.017350807
0.328791192
0.59716682
-0.117556526
0.360856601
-0.345652
0.150594321
-0.708929361
-0.262776967
0.006896183
0.095414376
0.681870965
0.523513714
0.922379381
0.4060193
0.250125802
-0.195919321
0.138334359
0.112096799
0.119450058
0.577175275
0.632574139
1.062366153
0.75698988
0.689917436
0.171005902
0.125962083
0.287857276
-0.256810041
0.105471557
1.148208545
0.711111162
1.070431605
0.423963664
0.460398736
-0.035679587
-0.748766691
-0.337840111
-0.635701038
0.05474335
0.481085262
0.26163873
0.910900826
0.315870376
0.472755358
-0.713273493
-0.977630537
-1.090934501
-0.525680573
-0.71267238
-0.257794993
-0.094922361
-0.049587179
0.087113351
-0.512403114
-0.831360264
-0.982519282
-0.809126564
-0.752642509
-0.836691794
-0.216380934
0.077289231
0.147720817
-0.46410734
-0.144870122
-0.622292177
-0.939603588
-0.833053009
-0.587508569
-0.700749152
0.00209667
0.00522947
0.305675467
-0.310264122
0.257374361
-0.568501026
-0.272202884
-0.944170446
-0.817169991
0.02890198
-0.002689319
0.314144613
0.799978975
0.85019213
0.555582296
-0.3452371
-0.414808177
0.107881128
-0.105143062
0.314636184
0.511372473
0.78571318
1.391963529
0.632212472
0.876338838
0.353347517
-0.13560871
0.011080199
-0.125286019
0.417343472
0.373006716
0.721713104
0.655721732
0.821300947
0.442410902
0.625017751
0.058101508
-0.062707812
-0.060668886
0.222680329
0.530199461
0.628215266
0.478218648
0.391317236
0.195899697
-0.179651366
-0.65954609
-0.478772672
-0.647238047
-0.598161871
-0.015937455
0.392034416
-0.326451943
0.206613467
-0.170844225
-0.516704614
-0.704129993
-0.764764906
-0.680227902
-0.114478994
-0.378134588
0.104771481
0.195831329
-0.395855784
-0.206850452
-0.824332453
-0.978397524
-0.916767143
-1.172515942
-0.3174969
-0.176874031
-0.064838275
0.17834857
0.080808269
-0.160982057
-0.805424865
-0.635298755
-0.574329814
-0.468408052
-0.390803511
0.083005803
0.574670561
0.466013622
0.110265472
-0.043057999
-0.270768354
-0.464059577
-0.428367409
0.254619674
0.139137706
0.728478827
0.426259149
0.826029875
0.809897562
0.512858399
0.33261203
-0.179543566
-0.334398173
0.403115842
0.210561949
0.579995429
0.826678666
0.972274587
0.701481845
0.087126482
-0.258469393
0.26485415
-0.008009478
-0.145658404
-0.203041997
0.314815827
1.062795624
1.173538408
0.230487903
0.731389091
0.006275369
-0.106440947
-1.058959635
-0.263733352
-0.295986411
-0.138958987
0.383400771
0.181383061
0.422390401
-0.152048712
-0.423434264
-0.221920177
-0.946718927
-0.641771758
-0.659971627
-0.291100377
-0.136928633
0.351345976
0.055900669
-0.117439773
-0.61895251
-0.84549427
-1.136090301
-0.762967733
-0.748977214
-0.315934562
-0.538618576
-0.321443876
0.030423981
-0.261791719
-0.92170069
-1.024234725
-1.085753678
-0.689487141
-0.165566924
-0.005400501
-0.224778884
0.450115216
-0.218015605
-0.295502371
-0.02122035
-0.766612254
-0.477907552
-0.666174817
-0.01646433
0.394416224
0.35087534
0.276480535
1.070334346
0.000513957
0.273253976
-0.474579409
-0.552856109
-0.377360691
0.324569498
0.3637711
0.61489822
0.786509588
0.72764531
0.465295484
0.296816608
0.335813051
-0.174234448
0.079640648
0.116655847
1.15051422
1.004901364
0.674967338
0.595080004
1.078105694
-0.048492171
-0.182448191
0.17036717
0.155864414
0.272548225
0.33925905
0.189200343
0.917911301
0.177989196
0.216574315
-0.775983375
-0.228005729
-0.846181334
-0.393723781
-0.871544385
-0.210003264
0.382675957
